#include<bits/stdc++.h>
using namespace std;
int a[30][30];
signed main(){
    a[1][1]=1;
    a[1][2]=1;
    a[1][3]=1;
    a[1][4]=1;
    a[1][5]=1;
    a[1][6]=1;
    a[1][7]=1;
    a[1][8]=1;
    a[1][9]=1;
    a[1][10]=1;
    a[1][11]=1;
    a[1][12]=1;
    a[1][13]=1;
    a[1][14]=1;
    a[1][15]=1;
    a[1][16]=1;
    a[1][17]=1;
    a[1][18]=1;
    a[1][19]=1;
    a[1][20]=1;
    a[2][1]=1;
    a[2][2]=2;
    a[2][3]=10;
    a[2][4]=30;
    a[2][5]=70;
    a[2][6]=140;
    a[2][7]=252;
    a[2][8]=420;
    a[2][9]=660;
    a[2][10]=990;
    a[2][11]=1430;
    a[2][12]=2002;
    a[2][13]=2730;
    a[2][14]=3640;
    a[2][15]=4760;
    a[2][16]=6120;
    a[2][17]=7752;
    a[2][18]=9690;
    a[2][19]=11970;
    a[2][20]=14630;
    a[3][1]=1;
    a[3][2]=10;
    a[3][3]=72;
    a[3][4]=294;
    a[3][5]=896;
    a[3][6]=2268;
    a[3][7]=5040;
    a[3][8]=10164;
    a[3][9]=19008;
    a[3][10]=33462;
    a[3][11]=56056;
    a[3][12]=90090;
    a[3][13]=139776;
    a[3][14]=210392;
    a[3][15]=308448;
    a[3][16]=441864;
    a[3][17]=620160;
    a[3][18]=854658;
    a[3][19]=1158696;
    a[3][20]=25942714;
    a[4][1]=1;
    a[4][2]=30;
    a[4][3]=294;
    a[4][4]=1570;
    a[4][5]=6066;
    a[4][6]=18990;
    a[4][7]=51150;
    a[4][8]=122958;
    a[4][9]=270270;
    a[4][10]=552552;
    a[4][11]=1063920;
    a[4][12]=1947660;
    a[4][13]=3414892;
    a[4][14]=5768100;
    a[4][15]=9430308;
    a[4][16]=14980740;
    a[4][17]=23197860;
    a[4][18]=35110746;
    a[4][19]=52059810;
    a[4][20]=684188863;
    a[5][1]=1;
    a[5][2]=70;
    a[5][3]=896;
    a[5][4]=6066;
    a[5][5]=29000;
    a[5][6]=110110;
    a[5][7]=353760;
    a[5][8]=1000142;
    a[5][9]=2554552;
    a[5][10]=6006000;
    a[5][11]=13178880;
    a[5][12]=27275820;
    a[5][13]=53687088;
    a[5][14]=101162308;
    a[5][15]=183464000;
    a[5][16]=321649860;
    a[5][17]=547162000;
    a[5][18]=905936834;
    a[5][19]=465544831;
    a[5][20]=878035513;
    a[6][1]=1;
    a[6][2]=140;
    a[6][3]=2268;
    a[6][4]=18990;
    a[6][5]=110110;
    a[6][6]=498764;
    a[6][7]=1885052;
    a[6][8]=6194370;
    a[6][9]=18199090;
    a[6][10]=48772360;
    a[6][11]=121017832;
    a[6][12]=281226036;
    a[6][13]=617605716;
    a[6][14]=292864167;
    a[6][15]=588015174;
    a[6][16]=985301432;
    a[6][17]=280863315;
    a[6][18]=746341668;
    a[6][19]=386417863;
    a[6][20]=575198041;
    a[7][1]=1;
    a[7][2]=252;
    a[7][3]=5040;
    a[7][4]=51150;
    a[7][5]=353760;
    a[7][6]=1885052;
    a[7][7]=8281392;
    a[7][8]=31305330;
    a[7][9]=104849920;
    a[7][10]=317772840;
    a[7][11]=885397536;
    a[7][12]=299362994;
    a[7][13]=602931515;
    a[7][14]=930202044;
    a[7][15]=441891716;
    a[7][16]=940523105;
    a[7][17]=584939143;
    a[7][18]=268422486;
    a[7][19]=576213644;
    a[7][20]=208493834;
    a[8][1]=1;
    a[8][2]=420;
    a[8][3]=10164;
    a[8][4]=122958;
    a[8][5]=1000142;
    a[8][6]=6194370;
    a[8][7]=31305330;
    a[8][8]=134909730;
    a[8][9]=511016770;
    a[8][10]=740951017;
    a[8][11]=416164517;
    a[8][12]=584007615;
    a[8][13]=918763973;
    a[8][14]=290808524;
    a[8][15]=787040823;
    a[8][16]=537797507;
    a[8][17]=312715168;
    a[8][18]=714107585;
    a[8][19]=610715406;
    a[8][20]=93709567;
    a[9][1]=1;
    a[9][2]=660;
    a[9][3]=19008;
    a[9][4]=270270;
    a[9][5]=2554552;
    a[9][6]=18199090;
    a[9][7]=104849920;
    a[9][8]=511016770;
    a[9][9]=177198854;
    a[9][10]=269396786;
    a[9][11]=528811396;
    a[9][12]=611870820;
    a[9][13]=807698541;
    a[9][14]=980151984;
    a[9][15]=772444644;
    a[9][16]=552812817;
    a[9][17]=530756271;
    a[9][18]=448190411;
    a[9][19]=543174367;
    a[9][20]=12734828;
    a[10][1]=1;
    a[10][2]=990;
    a[10][3]=33462;
    a[10][4]=552552;
    a[10][5]=6006000;
    a[10][6]=48772360;
    a[10][7]=317772840;
    a[10][8]=740951017;
    a[10][9]=269396786;
    a[10][10]=848269250;
    a[10][11]=719148816;
    a[10][12]=181813603;
    a[10][13]=858266809;
    a[10][14]=266933303;
    a[10][15]=467176354;
    a[10][16]=959901131;
    a[10][17]=229209670;
    a[10][18]=730933936;
    a[10][19]=272254938;
    a[10][20]=237417410;
    a[11][1]=1;
    a[11][2]=1430;
    a[11][3]=56056;
    a[11][4]=1063920;
    a[11][5]=13178880;
    a[11][6]=121017832;
    a[11][7]=885397536;
    a[11][8]=416164517;
    a[11][9]=528811396;
    a[11][10]=719148816;
    a[11][11]=389912037;
    a[11][12]=793286570;
    a[11][13]=218481485;
    a[11][14]=594479203;
    a[11][15]=328346342;
    a[11][16]=782230422;
    a[11][17]=917022921;
    a[11][18]=57908400;
    a[11][19]=693567012;
    a[11][20]=628146088;
    a[12][1]=1;
    a[12][2]=2002;
    a[12][3]=90090;
    a[12][4]=1947660;
    a[12][5]=27275820;
    a[12][6]=281226036;
    a[12][7]=299362994;
    a[12][8]=584007615;
    a[12][9]=611870820;
    a[12][10]=181813603;
    a[12][11]=793286570;
    a[12][12]=838861714;
    a[12][13]=535840430;
    a[12][14]=235940304;
    a[12][15]=166590011;
    a[12][16]=681738888;
    a[12][17]=432192444;
    a[12][18]=873175867;
    a[12][19]=224985299;
    a[12][20]=247588258;
    a[13][1]=1;
    a[13][2]=2730;
    a[13][3]=139776;
    a[13][4]=3414892;
    a[13][5]=53687088;
    a[13][6]=617605716;
    a[13][7]=602931515;
    a[13][8]=918763973;
    a[13][9]=807698541;
    a[13][10]=858266809;
    a[13][11]=218481485;
    a[13][12]=535840430;
    a[13][13]=638075056;
    a[13][14]=875194774;
    a[13][15]=936267505;
    a[13][16]=131206474;
    a[13][17]=737338284;
    a[13][18]=355700209;
    a[13][19]=364398069;
    a[13][20]=129986985;
    a[14][1]=1;
    a[14][2]=3640;
    a[14][3]=210392;
    a[14][4]=5768100;
    a[14][5]=101162308;
    a[14][6]=292864167;
    a[14][7]=930202044;
    a[14][8]=290808524;
    a[14][9]=980151984;
    a[14][10]=266933303;
    a[14][11]=594479203;
    a[14][12]=235940304;
    a[14][13]=875194774;
    a[14][14]=328251173;
    a[14][15]=335924726;
    a[14][16]=76040721;
    a[14][17]=154302320;
    a[14][18]=385305594;
    a[14][19]=137989665;
    a[14][20]=657236252;
    a[15][1]=1;
    a[15][2]=4760;
    a[15][3]=308448;
    a[15][4]=9430308;
    a[15][5]=183464000;
    a[15][6]=588015174;
    a[15][7]=441891716;
    a[15][8]=787040823;
    a[15][9]=772444644;
    a[15][10]=467176354;
    a[15][11]=328346342;
    a[15][12]=166590011;
    a[15][13]=936267505;
    a[15][14]=335924726;
    a[15][15]=162913394;
    a[15][16]=696564157;
    a[15][17]=690234568;
    a[15][18]=359485655;
    a[15][19]=884471562;
    a[15][20]=616866040;
    a[16][1]=1;
    a[16][2]=6120;
    a[16][3]=441864;
    a[16][4]=14980740;
    a[16][5]=321649860;
    a[16][6]=985301432;
    a[16][7]=940523105;
    a[16][8]=537797507;
    a[16][9]=552812817;
    a[16][10]=959901131;
    a[16][11]=782230422;
    a[16][12]=681738888;
    a[16][13]=131206474;
    a[16][14]=76040721;
    a[16][15]=696564157;
    a[16][16]=684464388;
    a[16][17]=807828413;
    a[16][18]=634116415;
    a[16][19]=739419246;
    a[16][20]=166271025;
    a[17][1]=1;
    a[17][2]=7752;
    a[17][3]=620160;
    a[17][4]=23197860;
    a[17][5]=547162000;
    a[17][6]=280863315;
    a[17][7]=584939143;
    a[17][8]=312715168;
    a[17][9]=530756271;
    a[17][10]=229209670;
    a[17][11]=917022921;
    a[17][12]=432192444;
    a[17][13]=737338284;
    a[17][14]=154302320;
    a[17][15]=690234568;
    a[17][16]=807828413;
    a[17][17]=403973677;
    a[17][18]=929203347;
    a[17][19]=421380759;
    a[17][20]=621011922;
    a[18][1]=1;
    a[18][2]=9690;
    a[18][3]=854658;
    a[18][4]=35110746;
    a[18][5]=905936834;
    a[18][6]=746341668;
    a[18][7]=268422486;
    a[18][8]=714107585;
    a[18][9]=448190411;
    a[18][10]=730933936;
    a[18][11]=57908400;
    a[18][12]=873175867;
    a[18][13]=355700209;
    a[18][14]=385305594;
    a[18][15]=359485655;
    a[18][16]=634116415;
    a[18][17]=929203347;
    a[18][18]=573101811;
    a[18][19]=622457159;
    a[18][20]=943860391;
    a[19][1]=1;
    a[19][2]=11970;
    a[19][3]=1158696;
    a[19][4]=52059810;
    a[19][5]=465544831;
    a[19][6]=386417863;
    a[19][7]=576213644;
    a[19][8]=610715406;
    a[19][9]=543174367;
    a[19][10]=272254938;
    a[19][11]=693567012;
    a[19][12]=224985299;
    a[19][13]=364398069;
    a[19][14]=137989665;
    a[19][15]=884471562;
    a[19][16]=739419246;
    a[19][17]=421380759;
    a[19][18]=622457159;
    a[19][19]=266729948;
    a[19][20]=674801012;
    a[20][1]=1;
    a[20][2]=14630;
    a[20][3]=25942714;
    a[20][4]=684188863;
    a[20][5]=878035513;
    a[20][6]=575198041;
    a[20][7]=208493834;
    a[20][8]=93709567;
    a[20][9]=12734828;
    a[20][10]=237417410;
    a[20][11]=628146088;
    a[20][12]=247588258;
    a[20][13]=129986985;
    a[20][14]=657236252;
    a[20][15]=616866040;
    a[20][16]=166271025;
    a[20][17]=621011922;
    a[20][18]=943860391;
    a[20][19]=674801012;
    a[20][20]=51106316;
    int m,n;
    cin>>n>>m;
    cout<<a[n][m];


}
